# oST version 5.0 parameters


[image]

width
960

height
540

[narrow_stereo/left]

camera matrix
15130.292599 0.000000 495.209054
0.000000 15318.480197 347.287148
0.000000 0.000000 1.000000

distortion
3.841246 -3501.344373 -0.053472 0.079604 0.000000

rectification
0.778987 -0.005385 0.627017
0.001862 0.999979 0.006274
-0.627038 -0.003720 0.778980

projection
30656.100187 0.000000 -23053.950195 0.000000
0.000000 30656.100187 241.814705 0.000000
0.000000 0.000000 1.000000 0.000000
# oST version 5.0 parameters


[image]

width
960

height
540

[narrow_stereo/right]

camera matrix
22603.762465 0.000000 479.513306
0.000000 23182.592650 269.511926
0.000000 0.000000 1.000000

distortion
0.291902 634.364681 -0.008944 -0.002700 0.000000

rectification
0.520993 -0.006761 0.853534
0.011946 0.999928 0.000628
-0.853477 0.009869 0.521037

projection
30656.100187 0.000000 -23053.950195 12908.407038
0.000000 30656.100187 241.814705 0.000000
0.000000 0.000000 1.000000 0.000000
