image_width: 960
image_height: 540
camera_name: camera
camera_matrix:
  rows: 3
  cols: 3
  data: [12225.47020292907, 0, 785.5398087172149, 0, 12211.3233146599, 373.2273777747756, 0, 0, 1]
distortion_model: plumb_bob
distortion_coefficients:
  rows: 1
  cols: 5
  data: [3.60719379994622, -620.9956322325787, -0.06287051353839909, 0.08618717239474337, 0]
rectification_matrix:
  rows: 3
  cols: 3
  data: [0.9189332542548881, 0.07041496402903433, 0.388076547945519, -0.06941255603588509, 0.9974495823798699, -0.01662009851920675, -0.3882570943190683, -0.01166462391218968, 0.9214772733279433]
projection_matrix:
  rows: 3
  cols: 4
  data: [22293.07392723801, 0, -7750.475891113281, 0, 0, 22293.07392723801, 613.5360786616802, 0, 0, 0, 1, 0]