image_width: 960
image_height: 540
camera_name: camera
camera_matrix:
  rows: 3
  cols: 3
  data: [14588.1949382055, 0, 573.1503761644823, 0, 14938.90364208471, 326.8587863476497, 0, 0, 1]
distortion_model: plumb_bob
distortion_coefficients:
  rows: 1
  cols: 5
  data: [2.394476762560758, -1101.825190012339, -0.06818504808971938, -0.02000591587282828, 0]
rectification_matrix:
  rows: 3
  cols: 3
  data: [0.7676420741534209, 0.05162962696982666, 0.638795763611806, -0.05334821952654324, 0.9984381752046397, -0.01658848297394448, -0.638654533736966, -0.02134459915261101, 0.7691975004017062]
projection_matrix:
  rows: 3
  cols: 4
  data: [22293.07392723801, 0, -7750.475891113281, 46049.12285229043, 0, 22293.07392723801, 613.5360786616802, 0, 0, 0, 1, 0]