image_width: 960
image_height: 540
camera_name: narrow_stereo
camera_matrix:
  rows: 3
  cols: 3
  data: [12444.2760894900,     0.     ,   542.317331331274,
             0.     , 12444.0055317577,   304.966581789485,
             0.     ,     0.     ,     1.     ]
distortion_model: plumb_bob
distortion_coefficients:
  rows: 1
  cols: 5
  data: [-0.0493922223705579, 50.6851166300564, -0.001, 0.0048, 0]
rectification_matrix:
  rows: 3
  cols: 3
  data: [ 0.99173624,  0.01004253, -0.12789987,
        -0.00979248,  0.99994871,  0.00258372,
         0.12791926, -0.00130991,  0.99178372]
projection_matrix:
  rows: 3
  cols: 4
  data: [12472.9769, 0.00000000, 627.152351, 0.00000000,
        0.00000000, 12472.9769, 268.854103, 0.00000000,
        0.00000000, 0.00000000, 1.00000000, 0.00000000]
