image_width: 960
image_height: 540
camera_name: narrow_stereo
camera_matrix:
  rows: 3
  cols: 3
  data: [12504.1484487840,     0.     ,   528.655148212512 ,
             0.     , 12501.9482897737,   244.306611574691,
             0.     ,     0.     ,     1.     ]
distortion_model: plumb_bob
distortion_coefficients:
  rows: 1
  cols: 5
  data: [0.1655, 80.0332846017725, 0, 0.0034, 0]
rectification_matrix:
  rows: 3
  cols: 3
  data: [ 0.99347903,  0.00412341,  0.11394041,
        -0.00390076,  0.99999002, -0.00217699,
        -0.11394825,  0.00171834,  0.9934852 ]
projection_matrix:
  rows: 3
  cols: 4
  data: [12472.9769, 0.00000000, 627.152351, 1448027.06,
        0.00000000, 12472.9769, 268.854103, 0.00000000,
        0.00000000, 0.00000000, 1.00000000, 0.00000000]
